# Created at Mon Jan 04 14:34:42 GMT+01:00 2021
2567047167597834 2.000000
2567048407597834 3.000000
2567049007597834 4.000000
2567049647597834 5.000000
2567050367597834 6.000000
2567051167597834 7.000000
2567052047597834 8.000000
2567052647597834 9.000000
2567053207597834 10.000000
2567054487597834 11.000000
2567056847597834 12.000000
2567064667597834 13.000000
2567065307597834 14.000000
2567065947597834 15.000000
2567066527597834 16.000000
2567067167597834 17.000000
2567067807597834 18.000000
2567068367597834 19.000000
2567068967597834 20.000000
2567069567597834 21.000000
2567070167597834 22.000000
2567070767597834 23.000000
2567071327597834 24.000000
2567071967597834 25.000000
2567072567597834 26.000000
2567073167597834 27.000000
2567073687597834 28.000000
2567074327597834 29.000000
2567074967597834 30.000000
2567075567597834 31.000000
2567076207597834 32.000000
2567076847597834 33.000000
2567077487597834 34.000000
2567077927597834 35.000000
2567078567597834 36.000000
2567079207597834 37.000000
2567079887597834 38.000000
2567080447597834 39.000000
2567081087597834 40.000000
2567081647597834 41.000000
2567082287597834 42.000000
2567082887597834 43.000000
2567083447597834 44.000000
2567084047597834 45.000000
2567084607597834 46.000000
2567085167597834 47.000000
2567085807597834 48.000000
2567086407597834 49.000000
2567087007597834 50.000000
2567087567597834 51.000000
2567088167597834 52.000000
2567088807597834 53.000000
2567089367597834 54.000000
