# Created at Wed Dec 23 10:27:31 GMT+01:00 2020
1515425520919638 16.000000
1515426200919638 17.000000
1515426840919638 18.000000
1515427400919638 19.000000
1515427960919638 20.000000
1515428760919638 21.000000
1515429280919638 22.000000
1515430300919638 23.000000
1515431140919638 24.000000
1515431660919638 25.000000
1515432180919720 26.000000
1515433140919720 27.000000
1515433660919720 28.000000
1515434260919720 29.000000
1515434980919720 30.000000
1515435540919720 31.000000
1515436140919720 32.000000
1515436660919720 33.000000
1515437420919720 34.000000
1515437980919720 35.000000
1515438580919720 36.000000
1515439260919720 37.000000
1515439860919720 38.000000
1515440420919720 39.000000
1515440900919720 40.000000
1515441500919720 41.000000
1515442060919720 42.000000
1515442700919720 43.000000
1515443220919720 44.000000
1515443740919720 45.000000
1515444340919720 46.000000
1515444860919720 47.000000
1515445420919720 48.000000
1515446060919720 49.000000
1515446540919720 50.000000
1515447100919720 51.000000
1515447700919720 52.000000
1515448340919720 53.000000
1515448900919720 54.000000
1515449460919720 55.000000
1515449980919720 56.000000
1515450660919720 57.000000
1515451260919720 58.000000
1515451820919720 59.000000
1515452300919720 60.000000
1515452900919720 61.000000
1515453500919720 62.000000
1515454220919720 63.000000
1515454820919720 64.000000
