# Created at Mon Jan 04 14:35:27 GMT+01:00 2021
2567094887597834 8.000000
2567096167598175 9.000000
2567096927598175 10.000000
2567097367598175 11.000000
2567097647598175 12.000000
2567099247598175 13.000000
2567100127598175 14.000000
2567101647598175 15.000000
2567102287598175 16.000000
2567102887598175 17.000000
2567103527598175 18.000000
2567104087598175 19.000000
2567104687598175 20.000000
2567105247598175 21.000000
2567105807598175 22.000000
2567106447598175 23.000000
2567106967598175 24.000000
2567107567598175 25.000000
2567108167598175 26.000000
2567108767598175 27.000000
2567109327598175 28.000000
2567109887598175 29.000000
2567110487598175 30.000000
2567111087598175 31.000000
2567111647598175 32.000000
2567112207598175 33.000000
2567112807598175 34.000000
2567113407598175 35.000000
2567114007598175 36.000000
2567114607598175 37.000000
2567115167598175 38.000000
2567115807598175 39.000000
2567116367598175 40.000000
2567116887598175 41.000000
2567117487598175 42.000000
2567118007598175 43.000000
2567118607598175 44.000000
2567119167598175 45.000000
2567119767598175 46.000000
2567120367598175 47.000000
2567120927598175 48.000000
2567121447598175 49.000000
2567122047598175 50.000000
2567122647598175 51.000000
2567123207598175 52.000000
2567123767598175 53.000000
2567124327598175 54.000000
2567124927598175 55.000000
2567125447598175 56.000000
2567126007598175 57.000000
2567126607598175 58.000000
2567127247598175 59.000000
2567127807598175 60.000000
2567128327598175 61.000000
2567128887598175 62.000000
2567129447598175 63.000000
2567130047598175 64.000000
2567130647598175 65.000000
2567131207598175 66.000000
2567131807598175 67.000000
2567132367598175 68.000000
2567132927598175 69.000000
2567133487598175 70.000000
2567134087598175 71.000000
2567134647598175 72.000000
2567135207598175 73.000000
2567135847598175 74.000000
2567136367598175 75.000000
2567136967598175 76.000000
2567137607598175 77.000000
2567138247598175 78.000000
2567138847598175 79.000000
2567139407598175 80.000000
2567139967598175 81.000000
2567140567598175 82.000000
2567141127598175 83.000000
